parameter mean median 95CI lower 95CI upper
beta -4.85257613 -4.85104660 -5.04626372 -4.67006724
tau_L 0.97368138 0.97295416 0.93419722 1.01806768
tau_I 1.31618599 1.31434371 1.16497853 1.48122932
p_pfu 5.43887514 5.43894382 5.29543145 5.59834489
p_rna 6.12242019 6.12154062 5.98664897 6.26883431
c_pfu -1.20673378 -1.20616028 -1.25059897 -1.16534237
omega_0 0.69179657 0.69189647 0.66829779 0.71457901
V0_pfu_stock 4.96814329 4.96801565 4.88203751 5.05100900
V0_rna_stock 5.13969629 5.13992790 5.10418242 5.17523837
n_L 1.27279813 1.27170923 1.17571788 1.37235095
