parameter mean median 95CI lower 95CI upper
beta 0.00070832 0.00039041 0.00002752 0.87494336
tau_L 10.93867471 11.09370161 9.58945479 12.09879510
tau_I 16.19500425 16.18128728 14.55610214 18.01968248
p_pfu 37766.42275699 37335.57351623 30115.96061586 49142.52632701
p_rna 8675431.27487836 8607527.50534634 7242646.94550871 10854893.21639967
tau_V 31.75209993 31.77606430 29.52937681 33.99924013
c_rna 0.00252447 0.00289152 0.00064278 0.00604711
omega_0 4.38513311 4.38653822 4.20274032 4.56211604
V0_pfu_stock 87523.07980666 87416.30441186 73939.28296553 102993.08935296
V0_rna_stock 12405266.43498242 12400279.94977398 9999029.87595307 15307806.41272864
V0_rna 29815646.51633768 29823927.59226625 23743896.32956957 37193900.41199276
n_L 17.86687405 17.68569392 13.66375846 24.34086403
n_V 16.84758647 16.83624263 13.86174914 20.61758067
